Found solution.
2334
5116
5116
7788
900a

2334
5116
5116
7788
090a

2334
5116
5116
7788
009a

2334
5116
5116
0088
779a

2334
5116
5116
0880
779a

2334
5116
5116
8800
779a

2334
5116
5116
8890
770a

2334
5116
5116
8890
077a

2334
5116
5116
889a
0770

2334
5116
5116
889a
0077

2334
5116
5116
009a
8877

2334
0116
5116
509a
8877

0334
2116
5116
509a
8877

3304
2116
5116
509a
8877

3340
2116
5116
509a
8877

3346
2116
5110
509a
8877

3346
2116
511a
5090
8877

3346
2116
511a
5009
8877

3346
2006
511a
5119
8877

3306
2046
511a
5119
8877

3306
2406
511a
5119
8877

3360
2460
511a
5119
8877

3360
246a
5110
5119
8877

3360
246a
5119
5110
8877

336a
2460
5119
5110
8877

336a
2469
5110
5110
8877

336a
2469
5011
5011
8877

336a
2069
5411
5011
8877

336a
0269
5411
5011
8877

336a
5269
5411
0011
8877

336a
5269
5411
8811
0077

336a
5269
5411
8811
0770

336a
5269
5411
8811
7700

336a
5269
5400
8811
7711

336a
5269
5040
8811
7711

336a
5069
5240
8811
7711

336a
5069
5204
8811
7711

330a
5069
5264
8811
7711

033a
5069
5264
8811
7711

533a
5069
0264
8811
7711

533a
5069
2064
8811
7711

533a
5609
2604
8811
7711

533a
5609
2640
8811
7711

533a
5690
2640
8811
7711

5330
569a
2640
8811
7711

5033
569a
2640
8811
7711

5633
569a
2040
8811
7711

5633
569a
2400
8811
7711

5633
569a
2411
8811
7700

5633
569a
2411
8811
0770

5633
569a
2411
8811
0077

5633
569a
2411
0011
8877

5633
569a
0411
2011
8877

5633
569a
0011
2411
8877

0633
569a
5011
2411
8877

0033
569a
5611
2411
8877

0330
569a
5611
2411
8877

3300
569a
5611
2411
8877

3390
560a
5611
2411
8877

339a
5600
5611
2411
8877

339a
5611
5611
2400
8877

339a
5611
5611
2040
8877

339a
5611
5611
0240
8877

339a
5611
5611
0204
8877

339a
5611
5611
0024
8877

339a
5611
5611
8824
0077

339a
5611
5611
8824
0770

339a
5611
5611
8820
0774

339a
5611
5611
8820
7704

339a
5611
5611
8800
7724

339a
5600
5611
8811
7724

330a
5690
5611
8811
7724

033a
5690
5611
8811
7724

533a
5690
0611
8811
7724

5330
569a
0611
8811
7724

5033
569a
0611
8811
7724

5633
569a
0011
8811
7724

5633
569a
8811
0011
7724

5633
569a
8811
7711
0024

5633
569a
8811
7711
0204

5633
569a
8811
7711
2004

5633
569a
8811
7711
2040

5633
569a
8811
7711
2400

5633
569a
8800
7711
2411

5633
569a
0880
7711
2411

5633
569a
0088
7711
2411

5633
569a
7788
0011
2411

5633
569a
7788
2011
0411

5633
569a
7788
2011
4011

5633
569a
7788
2110
4110

