Found solution.
2113
2113
4556
4786
900a

2113
2113
4556
4786
090a

2113
2113
0556
4786
490a

2113
2113
5506
4786
490a

2113
2113
5586
4706
490a

2113
2113
5586
4706
49a0

2113
2113
5580
4706
49a6

2113
2113
5508
4706
49a6

2113
2113
0558
4706
49a6

2113
2113
4558
4706
09a6

2113
2113
4558
4706
90a6

2113
2113
4558
4706
9a06

2113
2113
4558
4760
9a60

2113
2113
4550
4768
9a60

2113
2113
4055
4768
9a60

2113
2113
4755
4068
9a60

2113
2113
4755
4060
9a68

2113
2113
4755
4a60
9068

2113
2113
4755
4a60
0968

2113
2113
0755
4a60
4968

2113
2113
7055
4a60
4968

2113
2113
7550
4a60
4968

2110
2113
7553
4a60
4968

2110
2110
7553
4a63
4968

2011
2011
7553
4a63
4968

0211
0211
7553
4a63
4968

0211
7211
0553
4a63
4968

0211
7211
4553
4a63
0968

7211
0211
4553
4a63
0968

7211
4211
4553
0a63
0968

7211
4211
4553
0a63
9068

7211
4211
4553
a063
9068

7211
4211
4553
a603
9608

7211
4211
4553
a603
9680

7211
4211
4550
a603
9683

7211
4211
4055
a603
9683

7211
4211
4655
a603
9083

7211
4211
4655
a683
9003

7211
4211
4655
a683
0903

7211
4211
4655
a683
0093

7211
4211
4055
a683
0693

7011
4211
4255
a683
0693

0711
4211
4255
a683
0693

4711
4211
0255
a683
0693

4711
4211
a255
0683
0693

4711
4211
a255
6083
6093

4711
4011
a255
6283
6093

4711
4011
a055
6283
6293

4711
4011
0a55
6283
6293

4711
4a11
0055
6283
6293

4711
4a11
0550
6283
6293

4711
4a11
0553
6283
6290

4711
4a11
5503
6283
6290

4711
4a11
5503
6283
6209

4711
4a11
5503
6203
6289

4711
4a11
5530
6230
6289

4711
4a11
5530
6239
6280

4711
4a11
5530
6239
6208

4711
4a11
5500
6239
6238

4711
4a11
0550
6239
6238

0711
4a11
4550
6239
6238

0711
4a11
4055
6239
6238

0711
4a11
4255
6239
6038

7011
4a11
4255
6239
6038

7a11
4011
4255
6239
6038

7a11
4211
4255
6039
6038

7a11
4211
4255
6309
6308

7a11
4211
4255
6309
6380

7a11
4211
4255
6300
6389

7a11
4211
4200
6355
6389

7a00
4211
4211
6355
6389

70a0
4211
4211
6355
6389

07a0
4211
4211
6355
6389

47a0
4211
0211
6355
6389

47a0
4211
6211
6355
0389

470a
4211
6211
6355
0389

407a
4211
6211
6355
0389

427a
4211
6011
6355
0389

427a
4211
6311
6355
0089

427a
4211
6311
6355
0809

427a
4211
6311
6355
8009

427a
4211
6311
6355
8090

427a
4211
6311
6355
8900

427a
4211
6311
6300
8955

427a
4200
6311
6311
8955

420a
4270
6311
6311
8955

420a
4207
6311
6311
8955

402a
4027
6311
6311
8955

402a
4327
6311
6011
8955

432a
4327
6011
6011
8955

432a
4327
6110
6110
8955

432a
4320
6117
6110
8955

432a
4320
6110
6117
8955

4320
432a
6110
6117
8955

4320
4320
611a
6117
8955

4302
4302
611a
6117
8955

4032
4032
611a
6117
8955

0432
0432
611a
6117
8955

0432
6432
611a
0117
8955

6432
6432
011a
0117
8955

6432
6432
110a
1107
8955

6432
6432
110a
1170
8955

6432
6432
117a
1100
8955

6432
6432
117a
1155
8900

6432
6432
117a
1155
8090

6432
6432
117a
1155
0890

6432
6432
117a
1155
0809

6432
6432
117a
1155
0089

6432
6432
007a
1155
1189

6432
6432
070a
1155
1189

6432
6432
700a
1155
1189

6432
6432
70a0
1155
1189

6432
6432
7a00
1155
1189

6432
6432
7a55
1100
1189

6432
6432
7a55
1180
1109

6432
6432
7a55
1108
1109

6432
6432
7a55
0118
0119

